time,left_s0,left_s1,left_e0,left_e1,left_w0,left_w1,left_w2,left_gripper,right_s0,right_s1,right_e0,right_e1,right_w0,right_w1,right_w2,right_gripper
0.629729,-0.508898126381,1.04885936372,-2.10270416499,1.43887397904,0.362402961138,1.79284004584,0.838320500579,95.9546890259,-1.52822835993,1.05537878207,1.48642738346,1.76983033402,2.15102455981,-1.56312642286,3.01043729623,100.0
0.629797,-0.508898126381,1.04885936372,-2.10270416499,1.43887397904,0.362402961138,1.79284004584,0.838320500579,95.9546890259,-1.52822835993,1.05537878207,1.48642738346,1.76983033402,2.15102455981,-1.56312642286,3.01043729623,100.0
0.641286,-0.508898126381,1.05000984931,-2.10270416499,1.43849048384,0.362019465941,1.79322354104,0.838703995776,95.9546890259,-1.52707787434,1.05461179167,1.48642738346,1.76983033402,2.15140805501,-1.56312642286,3.00967030583,100.0
0.651059,-0.508898126381,1.0503933445,-2.10270416499,1.43925747423,0.362402961138,1.79207305545,0.838320500579,95.9546890259,-1.52669437914,1.05499528687,1.48719437385,1.76983033402,2.15064106462,-1.56312642286,3.00928681063,100.0
0.660149,-0.509281621578,1.05000984931,-2.10270416499,1.43925747423,0.362402961138,1.79284004584,0.838703995776,95.9546890259,-1.52746136954,1.05461179167,1.48719437385,1.77021382922,2.15102455981,-1.56274292766,3.00967030583,100.0
0.669875,-0.508898126381,1.04924285891,-2.10308766019,1.43887397904,0.362402961138,1.79245655064,0.837553510185,95.9546890259,-1.52669437914,1.05499528687,1.48681087866,1.76983033402,2.15102455981,-1.56350991805,3.01005380103,100.0
0.679908,-0.508898126381,1.04962635411,-2.10308766019,1.43925747423,0.362786456335,1.79284004584,0.838320500579,95.9546890259,-1.52669437914,1.05461179167,1.48642738346,1.77059732442,2.15064106462,-1.56312642286,3.01043729623,100.0
0.689918,-0.508514631184,1.04962635411,-2.10308766019,1.43964096943,0.362402961138,1.79284004584,0.837937005382,95.9546890259,-1.52784486473,1.05461179167,1.48642738346,1.76983033402,2.14987407422,-1.56312642286,3.00928681063,100.0
0.699878,-0.509281621578,1.04924285891,-2.1023206698,1.43964096943,0.362402961138,1.79322354104,0.837937005382,95.9546890259,-1.52707787434,1.05422829647,1.48642738346,1.77021382922,2.15102455981,-1.56312642286,3.01005380103,100.0
0.709859,-0.508514631184,1.04962635411,-2.10308766019,1.43925747423,0.362019465941,1.79245655064,0.838320500579,95.9546890259,-1.52822835993,1.05499528687,1.48566039307,1.76983033402,2.15064106462,-1.56274292766,3.00967030583,100.0
0.720044,-0.509281621578,1.04885936372,-2.10270416499,1.43925747423,0.362019465941,1.79245655064,0.837937005382,95.9546890259,-1.52822835993,1.05461179167,1.48681087866,1.76983033402,2.15064106462,-1.56350991805,3.01005380103,100.0
0.729880,-0.508898126381,1.04809237332,-2.10347115539,1.43810698864,0.362019465941,1.79399053143,0.837937005382,95.9546890259,-1.52822835993,1.05461179167,1.48681087866,1.77021382922,2.15102455981,-1.56274292766,3.00928681063,100.0
0.739914,-0.509281621578,1.04962635411,-2.1023206698,1.43887397904,0.362402961138,1.79322354104,0.837937005382,95.9546890259,-1.52861185513,1.05499528687,1.48642738346,1.76944683883,2.15064106462,-1.56312642286,3.00928681063,100.0
0.749884,-0.508898126381,1.04924285891,-2.10308766019,1.43925747423,0.362402961138,1.79284004584,0.837937005382,95.9546890259,-1.52784486473,1.05499528687,1.48681087866,1.76944683883,2.15064106462,-1.56274292766,3.00928681063,100.0
0.759912,-0.509665116775,1.04924285891,-2.10308766019,1.43887397904,0.362019465941,1.79284004584,0.837937005382,95.9546890259,-1.52707787434,1.05461179167,1.48681087866,1.76983033402,2.15064106462,-1.56350991805,3.01043729623,100.0
0.769878,-0.509281621578,1.04885936372,-2.10347115539,1.43810698864,0.361635970744,1.79207305545,0.838320500579,95.9546890259,-1.52822835993,1.05422829647,1.48604388826,1.76983033402,2.15140805501,-1.56350991805,3.00928681063,100.0
0.779911,-0.509281621578,1.04924285891,-2.10270416499,1.43887397904,0.362786456335,1.79284004584,0.837937005382,95.9546890259,-1.52784486473,1.05461179167,1.48681087866,1.76983033402,2.15064106462,-1.56350991805,3.00928681063,100.0
0.789880,-0.508898126381,1.04924285891,-2.10270416499,1.43925747423,0.362402961138,1.79245655064,0.837937005382,95.9546890259,-1.52937884552,1.05461179167,1.48719437385,1.76983033402,2.14987407422,-1.56389341325,3.00928681063,100.0
0.799909,-0.509281621578,1.04962635411,-2.10270416499,1.43925747423,0.362019465941,1.79322354104,0.837937005382,95.9546890259,-1.52822835993,1.05499528687,1.48681087866,1.77021382922,2.15064106462,-1.56312642286,3.01005380103,100.0
0.809881,-0.509281621578,1.05000984931,-2.10270416499,1.43925747423,0.362402961138,1.79284004584,0.838320500579,95.9546890259,-1.52707787434,1.05537878207,1.48642738346,1.76983033402,2.15140805501,-1.56312642286,3.01043729623,100.0
0.819879,-0.508898126381,1.04924285891,-2.10270416499,1.43849048384,0.362402961138,1.79322354104,0.838320500579,95.9546890259,-1.52707787434,1.05537878207,1.48757786905,1.77021382922,2.15102455981,-1.56274292766,3.01005380103,100.0
0.829878,-0.508514631184,1.04924285891,-2.10270416499,1.43849048384,0.362402961138,1.79245655064,0.837553510185,95.9546890259,-1.52822835993,1.05499528687,1.48642738346,1.76944683883,2.15064106462,-1.56312642286,3.01005380103,100.0
0.839909,-0.509281621578,1.04962635411,-2.10270416499,1.43925747423,0.362019465941,1.79245655064,0.837553510185,95.9546890259,-1.52746136954,1.05422829647,1.48681087866,1.76983033402,2.15064106462,-1.56312642286,3.00928681063,100.0
0.849876,-0.509665116775,1.04885936372,-2.10270416499,1.43925747423,0.361635970744,1.79207305545,0.837937005382,95.9546890259,-1.52592738875,1.05461179167,1.48681087866,1.76983033402,2.15064106462,-1.56274292766,3.00967030583,100.0
0.859908,-0.508514631184,1.04962635411,-2.10308766019,1.43964096943,0.362786456335,1.79322354104,0.838320500579,95.9546890259,-1.52784486473,1.05461179167,1.48719437385,1.77021382922,2.15025756942,-1.56274292766,3.01005380103,100.0
0.869885,-0.508898126381,1.04924285891,-2.10308766019,1.43925747423,0.362402961138,1.79322354104,0.837937005382,95.9546890259,-1.52899535032,1.05499528687,1.48719437385,1.77021382922,2.15064106462,-1.56235943246,3.01005380103,100.0
0.880004,-0.508898126381,1.04924285891,-2.1023206698,1.43925747423,0.362019465941,1.79245655064,0.838320500579,95.9546890259,-1.52784486473,1.05461179167,1.48681087866,1.76983033402,2.15102455981,-1.56274292766,3.01005380103,100.0
0.889893,-0.508131135987,1.04962635411,-2.10308766019,1.43925747423,0.361635970744,1.79245655064,0.837937005382,95.9546890259,-1.52631088395,1.05499528687,1.48642738346,1.76983033402,2.15102455981,-1.56235943246,3.00928681063,100.0
0.900074,-0.509281621578,1.05000984931,-2.10270416499,1.43887397904,0.362019465941,1.79322354104,0.838703995776,95.9546890259,-1.52746136954,1.05537878207,1.48681087866,1.76906334363,2.15064106462,-1.56350991805,3.00967030583,100.0
0.909882,-0.508898126381,1.04962635411,-2.10270416499,1.43849048384,0.362402961138,1.79322354104,0.837170014988,95.9546890259,-1.52707787434,1.05499528687,1.48681087866,1.76983033402,2.15025756942,-1.56274292766,3.00967030583,100.0
0.919928,-0.508898126381,1.04924285891,-2.10308766019,1.43810698864,0.362402961138,1.79322354104,0.838703995776,95.9546890259,-1.52861185513,1.05461179167,1.48681087866,1.76944683883,2.15064106462,-1.56312642286,3.01043729623,100.0
0.929878,-0.509281621578,1.04924285891,-2.1023206698,1.43925747423,0.362402961138,1.79284004584,0.838320500579,95.9546890259,-1.52707787434,1.05422829647,1.48757786905,1.76983033402,2.15064106462,-1.56389341325,3.00967030583,100.0
0.939879,-0.508898126381,1.04962635411,-2.10308766019,1.43887397904,0.362786456335,1.79207305545,0.837937005382,95.9546890259,-1.52784486473,1.05461179167,1.48642738346,1.76983033402,2.14987407422,-1.56235943246,3.00928681063,100.0
0.949884,-0.508131135987,1.04885936372,-2.10270416499,1.43887397904,0.362402961138,1.79207305545,0.838320500579,95.9546890259,-1.52822835993,1.05499528687,1.48642738346,1.76983033402,2.15102455981,-1.56312642286,3.00928681063,100.0
0.959882,-0.508514631184,1.04847586852,-2.10308766019,1.43964096943,0.361635970744,1.79360703624,0.838320500579,95.9546890259,-1.52669437914,1.05422829647,1.48642738346,1.77021382922,2.15102455981,-1.56274292766,3.00928681063,100.0
0.969881,-0.509281621578,1.05000984931,-2.10270416499,1.43887397904,0.362786456335,1.79322354104,0.839087490973,95.9546890259,-1.52707787434,1.05461179167,1.48642738346,1.76983033402,2.15140805501,-1.56274292766,3.01005380103,100.0
0.979879,-0.510048611972,1.04962635411,-2.10308766019,1.43849048384,0.362019465941,1.79360703624,0.838703995776,95.9546890259,-1.52707787434,1.05422829647,1.48681087866,1.76983033402,2.15025756942,-1.56274292766,3.01005380103,100.0
0.989920,-0.508514631184,1.04962635411,-2.10308766019,1.43887397904,0.362019465941,1.79322354104,0.837937005382,95.9546890259,-1.52707787434,1.05499528687,1.48642738346,1.77059732442,2.15025756942,-1.56350991805,3.01005380103,100.0
0.999898,-0.508898126381,1.05000984931,-2.10347115539,1.43887397904,0.362786456335,1.79284004584,0.838703995776,95.9546890259,-1.52707787434,1.05461179167,1.48642738346,1.76983033402,2.15064106462,-1.56235943246,3.00967030583,100.0
1.009880,-0.508898126381,1.04962635411,-2.10308766019,1.43925747423,0.362786456335,1.79245655064,0.837937005382,95.9546890259,-1.52899535032,1.05422829647,1.48681087866,1.76944683883,2.15064106462,-1.56197593726,3.01005380103,100.0
1.019905,-0.508898126381,1.04924285891,-2.10270416499,1.43925747423,0.362402961138,1.79284004584,0.837937005382,95.9546890259,-1.52937884552,1.05422829647,1.48719437385,1.76906334363,2.15102455981,-1.56274292766,3.01043729623,100.0
1.029879,-0.508898126381,1.04924285891,-2.10270416499,1.43925747423,0.362786456335,1.79245655064,0.838320500579,95.9546890259,-1.52784486473,1.05461179167,1.48719437385,1.76983033402,2.15102455981,-1.56350991805,3.01005380103,100.0
1.039979,-0.508514631184,1.05000984931,-2.10308766019,1.43925747423,0.362019465941,1.79284004584,0.837937005382,95.9546890259,-1.52822835993,1.05461179167,1.48642738346,1.76944683883,2.15102455981,-1.56350991805,3.00967030583,100.0
1.049880,-0.509281621578,1.04962635411,-2.10308766019,1.43849048384,0.362786456335,1.79284004584,0.837937005382,95.9546890259,-1.52707787434,1.05499528687,1.48719437385,1.76983033402,2.15102455981,-1.56235943246,3.00967030583,100.0
1.060048,-0.508898126381,1.04962635411,-2.10270416499,1.43887397904,0.362402961138,1.79245655064,0.838320500579,95.9546890259,-1.52822835993,1.05461179167,1.48642738346,1.77021382922,2.15102455981,-1.56235943246,3.01005380103,100.0
1.070114,-0.508898126381,1.04924285891,-2.10308766019,1.43925747423,0.362019465941,1.79322354104,0.838320500579,95.9546890259,-1.52822835993,1.05461179167,1.48681087866,1.76944683883,2.15064106462,-1.56312642286,3.01005380103,100.0
1.079908,-0.508898126381,1.04847586852,-2.10347115539,1.43964096943,0.361635970744,1.79322354104,0.837937005382,95.9546890259,-1.52631088395,1.05499528687,1.48642738346,1.76906334363,2.15064106462,-1.56350991805,3.00928681063,100.0
1.089892,-0.509281621578,1.04885936372,-2.10347115539,1.43925747423,0.362402961138,1.79284004584,0.837937005382,95.9546890259,-1.52861185513,1.05422829647,1.48566039307,1.76983033402,2.15064106462,-1.56274292766,3.00890331544,100.0
1.100053,-0.509281621578,1.04924285891,-2.10347115539,1.43925747423,0.362019465941,1.79245655064,0.837937005382,95.9546890259,-1.52746136954,1.05461179167,1.48681087866,1.76944683883,2.15064106462,-1.56312642286,3.00967030583,100.0
1.109885,-0.509665116775,1.04962635411,-2.10308766019,1.43964096943,0.362402961138,1.79284004584,0.837553510185,95.9546890259,-1.52937884552,1.05461179167,1.48719437385,1.76983033402,2.15102455981,-1.56312642286,3.01082079142,100.0
1.119881,-0.508898126381,1.04924285891,-2.1023206698,1.43887397904,0.362019465941,1.79207305545,0.837553510185,95.9546890259,-1.52899535032,1.05461179167,1.48604388826,1.76944683883,2.15025756942,-1.56312642286,3.00928681063,100.0
1.129880,-0.509665116775,1.04962635411,-2.10308766019,1.43887397904,0.362402961138,1.79207305545,0.838320500579,95.9546890259,-1.52822835993,1.05461179167,1.48642738346,1.76983033402,2.15064106462,-1.56274292766,3.00967030583,100.0
1.139907,-0.508131135987,1.04924285891,-2.10270416499,1.43925747423,0.362402961138,1.79284004584,0.838320500579,95.9546890259,-1.52784486473,1.05499528687,1.48719437385,1.76983033402,2.15102455981,-1.56312642286,3.01005380103,100.0
1.149862,-0.508514631184,1.04924285891,-2.10308766019,1.43925747423,0.362019465941,1.79284004584,0.838320500579,95.9546890259,-1.52784486473,1.05346130608,1.48642738346,1.76983033402,2.15102455981,-1.56312642286,3.01043729623,100.0
1.159999,-0.508514631184,1.04924285891,-2.10270416499,1.43887397904,0.362402961138,1.79284004584,0.839087490973,95.9546890259,-1.52554389355,1.05461179167,1.48719437385,1.76983033402,2.15179155021,-1.56274292766,3.01005380103,100.0
1.169967,-0.509281621578,1.04962635411,-2.1023206698,1.43925747423,0.362402961138,1.79245655064,0.838703995776,95.9546890259,-1.52707787434,1.05499528687,1.48681087866,1.77021382922,2.15102455981,-1.56312642286,3.00967030583,100.0
1.179879,-0.509665116775,1.05000984931,-2.10270416499,1.43849048384,0.362019465941,1.79284004584,0.838320500579,95.9546890259,-1.52631088395,1.05499528687,1.48681087866,1.76944683883,2.15102455981,-1.56274292766,3.00967030583,100.0
1.189911,-0.508898126381,1.04885936372,-2.1023206698,1.43887397904,0.362402961138,1.79284004584,0.837937005382,95.9546890259,-1.52707787434,1.05461179167,1.48681087866,1.76983033402,2.15064106462,-1.56235943246,3.00967030583,100.0
1.199875,-0.508514631184,1.04962635411,-2.10270416499,1.43887397904,0.362402961138,1.79284004584,0.837937005382,95.9546890259,-1.52707787434,1.05461179167,1.48681087866,1.77021382922,2.15102455981,-1.56312642286,3.01043729623,100.0
1.209962,-0.508898126381,1.04962635411,-2.10270416499,1.43810698864,0.362402961138,1.79322354104,0.838703995776,95.9546890259,-1.52707787434,1.05499528687,1.48681087866,1.76983033402,2.15064106462,-1.56350991805,3.01005380103,100.0
1.219916,-0.508514631184,1.04962635411,-2.10347115539,1.44002446463,0.362786456335,1.79245655064,0.837553510185,95.9546890259,-1.52784486473,1.05537878207,1.48757786905,1.76983033402,2.15140805501,-1.56274292766,3.01082079142,100.0
1.229883,-0.508898126381,1.04962635411,-2.10308766019,1.43887397904,0.362402961138,1.79245655064,0.838703995776,95.9546890259,-1.52707787434,1.05537878207,1.48604388826,1.77021382922,2.15102455981,-1.56235943246,3.01082079142,100.0
1.239916,-0.508898126381,1.05000984931,-2.10347115539,1.43887397904,0.362786456335,1.79322354104,0.838320500579,95.9546890259,-1.52861185513,1.05537878207,1.48719437385,1.77021382922,2.15025756942,-1.56274292766,3.00967030583,100.0
1.249881,-0.508898126381,1.04847586852,-2.10270416499,1.43925747423,0.362019465941,1.79284004584,0.838320500579,95.9546890259,-1.52822835993,1.05461179167,1.48757786905,1.76983033402,2.15140805501,-1.56235943246,3.01043729623,100.0
1.259937,-0.508514631184,1.04962635411,-2.10308766019,1.43964096943,0.362402961138,1.79322354104,0.837937005382,95.9546890259,-1.52784486473,1.05461179167,1.48642738346,1.77021382922,2.15064106462,-1.56235943246,3.01005380103,100.0
1.269876,-0.508898126381,1.04962635411,-2.10270416499,1.43849048384,0.362019465941,1.79322354104,0.838320500579,95.9546890259,-1.52784486473,1.05461179167,1.48681087866,1.76983033402,2.15064106462,-1.56350991805,3.01005380103,100.0
1.279916,-0.509281621578,1.04924285891,-2.10270416499,1.43887397904,0.362402961138,1.79322354104,0.837937005382,95.9546890259,-1.52784486473,1.05499528687,1.48719437385,1.76944683883,2.14987407422,-1.56235943246,3.01005380103,100.0
1.291859,-0.508898126381,1.04924285891,-2.10270416499,1.43925747423,0.361635970744,1.79360703624,0.837937005382,95.9546890259,-1.52784486473,1.05422829647,1.48719437385,1.76944683883,2.15064106462,-1.56274292766,3.01005380103,100.0
1.299863,-0.508514631184,1.04962635411,-2.1023206698,1.43925747423,0.362402961138,1.79207305545,0.838320500579,95.9546890259,-1.52516039836,1.05422829647,1.48681087866,1.76983033402,2.15102455981,-1.56274292766,3.00967030583,100.0
1.309877,-0.508898126381,1.04962635411,-2.10308766019,1.43849048384,0.362402961138,1.79322354104,0.838320500579,95.9546890259,-1.52822835993,1.05499528687,1.48681087866,1.77021382922,2.15140805501,-1.56274292766,3.00967030583,100.0
1.319912,-0.508898126381,1.04962635411,-2.1023206698,1.43849048384,0.362402961138,1.79360703624,0.838320500579,95.9546890259,-1.52784486473,1.05461179167,1.48719437385,1.77021382922,2.15025756942,-1.56312642286,3.01005380103,100.0
1.329880,-0.508898126381,1.04924285891,-2.10347115539,1.43964096943,0.362402961138,1.79207305545,0.838320500579,95.9546890259,-1.52861185513,1.05422829647,1.48604388826,1.76944683883,2.14987407422,-1.56274292766,3.01043729623,100.0
1.339907,-0.509665116775,1.05000984931,-2.1023206698,1.43849048384,0.362402961138,1.79284004584,0.838320500579,95.9546890259,-1.52746136954,1.05461179167,1.48604388826,1.77021382922,2.15064106462,-1.56274292766,3.00967030583,100.0
1.349881,-0.508131135987,1.04962635411,-2.10308766019,1.43925747423,0.362402961138,1.79245655064,0.838703995776,95.9546890259,-1.52784486473,1.05461179167,1.48642738346,1.76944683883,2.15102455981,-1.56350991805,3.01005380103,100.0
1.359918,-0.508898126381,1.04885936372,-2.10308766019,1.43887397904,0.362402961138,1.79322354104,0.838703995776,95.9546890259,-1.52937884552,1.05499528687,1.48719437385,1.76906334363,2.15025756942,-1.56350991805,3.00928681063,100.0
1.369876,-0.508898126381,1.04962635411,-2.10270416499,1.43887397904,0.362402961138,1.79360703624,0.837937005382,95.9546890259,-1.52784486473,1.05461179167,1.48719437385,1.76983033402,2.15064106462,-1.56274292766,3.00967030583,100.0
1.379881,-0.509281621578,1.05000984931,-2.1023206698,1.43925747423,0.362402961138,1.79245655064,0.838320500579,95.9546890259,-1.52822835993,1.05422829647,1.48681087866,1.76944683883,2.15102455981,-1.56389341325,3.00928681063,100.0
1.389875,-0.508898126381,1.04924285891,-2.1023206698,1.43887397904,0.362786456335,1.79284004584,0.838320500579,95.9546890259,-1.52669437914,1.05461179167,1.48681087866,1.76983033402,2.15064106462,-1.56427690845,3.01005380103,100.0
1.399912,-0.509281621578,1.04962635411,-2.10347115539,1.43887397904,0.362786456335,1.79130606505,0.838320500579,95.9546890259,-1.52822835993,1.05461179167,1.48719437385,1.76983033402,2.15064106462,-1.56235943246,3.00967030583,100.0
1.409908,-0.509281621578,1.04924285891,-2.10308766019,1.43925747423,0.362786456335,1.79284004584,0.837937005382,95.9546890259,-1.52822835993,1.05422829647,1.48681087866,1.76944683883,2.15064106462,-1.56235943246,3.00967030583,100.0
1.419875,-0.508898126381,1.04924285891,-2.10347115539,1.43925747423,0.362402961138,1.79322354104,0.837553510185,95.9546890259,-1.52822835993,1.05461179167,1.48681087866,1.77021382922,2.15140805501,-1.56235943246,3.00967030583,100.0
1.429878,-0.508514631184,1.04962635411,-2.10270416499,1.43887397904,0.362786456335,1.79284004584,0.837937005382,95.9546890259,-1.52746136954,1.05499528687,1.48757786905,1.77021382922,2.15064106462,-1.56312642286,3.00967030583,100.0
1.439874,-0.508514631184,1.04924285891,-2.10270416499,1.43964096943,0.362402961138,1.79284004584,0.838320500579,95.9546890259,-1.52822835993,1.05422829647,1.48604388826,1.77059732442,2.15140805501,-1.56312642286,3.00928681063,100.0
1.449877,-0.508898126381,1.04962635411,-2.10270416499,1.43887397904,0.362019465941,1.79245655064,0.838320500579,95.9546890259,-1.52937884552,1.05537878207,1.48719437385,1.77021382922,2.15102455981,-1.56274292766,3.01005380103,100.0
1.459918,-0.508898126381,1.05000984931,-2.10347115539,1.44040795982,0.362402961138,1.79284004584,0.838320500579,95.9546890259,-1.52861185513,1.05461179167,1.48604388826,1.76983033402,2.15064106462,-1.56312642286,3.01005380103,100.0
1.469878,-0.509281621578,1.04885936372,-2.10270416499,1.44002446463,0.362786456335,1.79399053143,0.837937005382,95.9546890259,-1.52822835993,1.05499528687,1.48719437385,1.77021382922,2.15064106462,-1.56274292766,3.00967030583,100.0
1.479909,-0.509281621578,1.04847586852,-2.10308766019,1.43887397904,0.362402961138,1.79322354104,0.837937005382,95.9546890259,-1.52899535032,1.05422829647,1.48681087866,1.76944683883,2.15064106462,-1.56350991805,3.01005380103,100.0
1.489877,-0.509281621578,1.04924285891,-2.10270416499,1.43887397904,0.362402961138,1.79322354104,0.838320500579,95.9546890259,-1.52861185513,1.05461179167,1.48681087866,1.76867984843,2.15025756942,-1.56274292766,3.00967030583,100.0
1.499914,-0.508898126381,1.04924285891,-2.10270416499,1.43964096943,0.362402961138,1.79245655064,0.837937005382,95.9546890259,-1.52784486473,1.05461179167,1.48681087866,1.76983033402,2.15025756942,-1.56350991805,3.00967030583,100.0
1.509880,-0.509281621578,1.04885936372,-2.10270416499,1.44002446463,0.361635970744,1.79245655064,0.838703995776,95.9546890259,-1.52746136954,1.05461179167,1.48604388826,1.77059732442,2.15025756942,-1.56350991805,3.00967030583,100.0
1.519912,-0.50774764079,1.04962635411,-2.1023206698,1.43925747423,0.362402961138,1.79207305545,0.838320500579,95.9546890259,-1.52669437914,1.05499528687,1.48681087866,1.76944683883,2.15140805501,-1.56197593726,3.00928681063,100.0
1.529878,-0.510048611972,1.04885936372,-2.10347115539,1.43964096943,0.362019465941,1.79284004584,0.839087490973,95.9546890259,-1.52899535032,1.05461179167,1.48642738346,1.76944683883,2.15102455981,-1.56312642286,3.00928681063,100.0
1.539871,-0.508898126381,1.04962635411,-2.1019371746,1.43964096943,0.362402961138,1.79322354104,0.838320500579,95.9546890259,-1.52861185513,1.05461179167,1.48681087866,1.77021382922,2.15064106462,-1.56235943246,3.00967030583,100.0
1.549890,-0.508898126381,1.04924285891,-2.10347115539,1.43887397904,0.362019465941,1.79284004584,0.838320500579,95.9546890259,-1.52707787434,1.05499528687,1.48681087866,1.76983033402,2.15102455981,-1.56350991805,3.00928681063,100.0
1.559908,-0.508898126381,1.04885936372,-2.10308766019,1.43925747423,0.362402961138,1.79245655064,0.837937005382,95.9546890259,-1.52822835993,1.05499528687,1.48681087866,1.76944683883,2.15102455981,-1.56312642286,3.00928681063,100.0
1.569876,-0.509281621578,1.04962635411,-2.10308766019,1.43925747423,0.362402961138,1.79399053143,0.837937005382,95.9546890259,-1.52707787434,1.05499528687,1.48642738346,1.76983033402,2.14987407422,-1.56312642286,3.00928681063,100.0
1.580056,-0.508898126381,1.04962635411,-2.10270416499,1.43887397904,0.362402961138,1.79245655064,0.838320500579,95.9546890259,-1.52746136954,1.05461179167,1.48604388826,1.76944683883,2.15102455981,-1.56274292766,3.01043729623,100.0
1.589875,-0.508898126381,1.04962635411,-2.10385465058,1.43925747423,0.362402961138,1.79284004584,0.837937005382,95.9546890259,-1.52746136954,1.05499528687,1.48681087866,1.76944683883,2.15064106462,-1.56235943246,3.01043729623,100.0
1.599915,-0.509281621578,1.04962635411,-2.10347115539,1.43849048384,0.362402961138,1.79284004584,0.838320500579,95.9546890259,-1.52707787434,1.05499528687,1.48642738346,1.76983033402,2.15102455981,-1.56235943246,3.01043729623,100.0
1.609884,-0.510048611972,1.04924285891,-2.10270416499,1.43925747423,0.362402961138,1.79322354104,0.837553510185,95.9546890259,-1.52707787434,1.05422829647,1.48681087866,1.76944683883,2.15025756942,-1.56389341325,3.00967030583,100.0
1.619901,-0.508898126381,1.04962635411,-2.10347115539,1.43925747423,0.362786456335,1.79245655064,0.837937005382,95.9546890259,-1.52707787434,1.05461179167,1.48681087866,1.76983033402,2.15102455981,-1.56350991805,3.00967030583,100.0
1.629911,-0.508898126381,1.04924285891,-2.10270416499,1.43887397904,0.362019465941,1.79245655064,0.837937005382,95.9546890259,-1.52784486473,1.05461179167,1.48642738346,1.76983033402,2.15064106462,-1.56312642286,3.01005380103,100.0
1.639972,-0.508898126381,1.04962635411,-2.10308766019,1.43887397904,0.362402961138,1.79284004584,0.838320500579,95.9546890259,-1.52669437914,1.05537878207,1.48681087866,1.77021382922,2.15102455981,-1.56312642286,3.00928681063,100.0
1.649882,-0.508898126381,1.04962635411,-2.10308766019,1.43887397904,0.362019465941,1.79322354104,0.838320500579,95.9546890259,-1.52784486473,1.05499528687,1.48719437385,1.76944683883,2.15102455981,-1.56235943246,3.01005380103,100.0
1.659880,-0.510048611972,1.05000984931,-2.10308766019,1.43887397904,0.362019465941,1.79322354104,0.838320500579,95.9546890259,-1.52746136954,1.05499528687,1.48719437385,1.77021382922,2.15102455981,-1.56389341325,3.00928681063,100.0
1.669878,-0.509281621578,1.04962635411,-2.10347115539,1.43925747423,0.361635970744,1.79245655064,0.837553510185,95.9546890259,-1.52707787434,1.05422829647,1.48681087866,1.76944683883,2.15102455981,-1.56274292766,3.01005380103,100.0
1.679885,-0.508514631184,1.04924285891,-2.1023206698,1.43925747423,0.362402961138,1.79245655064,0.838320500579,95.9546890259,-1.52861185513,1.05461179167,1.48642738346,1.76983033402,2.15064106462,-1.56350991805,3.00928681063,100.0
1.689973,-0.509281621578,1.04924285891,-2.10270416499,1.44002446463,0.361635970744,1.79245655064,0.837553510185,95.9546890259,-1.52746136954,1.05384480128,1.48642738346,1.76944683883,2.15064106462,-1.56350991805,3.00967030583,100.0
1.699879,-0.508514631184,1.04885936372,-2.1023206698,1.43849048384,0.362019465941,1.79284004584,0.837937005382,95.9546890259,-1.52784486473,1.05461179167,1.48719437385,1.77021382922,2.15064106462,-1.56312642286,3.00967030583,100.0
1.709884,-0.509665116775,1.04962635411,-2.10270416499,1.43925747423,0.362019465941,1.79168956025,0.837937005382,95.9546890259,-1.52784486473,1.05499528687,1.48681087866,1.77021382922,2.15102455981,-1.56350991805,3.00928681063,100.0
1.719892,-0.509665116775,1.04962635411,-2.10308766019,1.43964096943,0.362786456335,1.79284004584,0.838703995776,95.9546890259,-1.52822835993,1.05422829647,1.48757786905,1.76906334363,2.15102455981,-1.56312642286,3.00967030583,100.0
1.729897,-0.509665116775,1.04924285891,-2.10270416499,1.43887397904,0.362019465941,1.79284004584,0.838320500579,95.9546890259,-1.52861185513,1.05499528687,1.48642738346,1.76944683883,2.15102455981,-1.56312642286,3.00928681063,100.0
1.739918,-0.508514631184,1.04924285891,-2.10270416499,1.43810698864,0.361635970744,1.79322354104,0.838320500579,95.9546890259,-1.52784486473,1.05461179167,1.48681087866,1.76944683883,2.15025756942,-1.56312642286,3.01005380103,100.0
1.749975,-0.509281621578,1.04924285891,-2.10270416499,1.43964096943,0.362786456335,1.79284004584,0.838320500579,95.9546890259,-1.52784486473,1.05461179167,1.48642738346,1.77021382922,2.15064106462,-1.56274292766,3.01082079142,100.0
1.759978,-0.508898126381,1.04924285891,-2.10270416499,1.43887397904,0.362402961138,1.79284004584,0.837937005382,95.9546890259,-1.52899535032,1.05461179167,1.48681087866,1.76983033402,2.15102455981,-1.56312642286,3.00967030583,100.0
1.769880,-0.509281621578,1.04924285891,-2.10308766019,1.43887397904,0.362402961138,1.79245655064,0.837553510185,95.9546890259,-1.52822835993,1.05422829647,1.48719437385,1.76906334363,2.15064106462,-1.56312642286,3.00967030583,100.0
1.779910,-0.508898126381,1.04962635411,-2.10270416499,1.43925747423,0.362786456335,1.79207305545,0.838320500579,95.9546890259,-1.52746136954,1.05461179167,1.48642738346,1.76983033402,2.15064106462,-1.56350991805,3.00967030583,100.0
1.789910,-0.508514631184,1.05000984931,-2.10308766019,1.43964096943,0.362402961138,1.79322354104,0.837937005382,95.9546890259,-1.52707787434,1.05499528687,1.48681087866,1.76983033402,2.15102455981,-1.56197593726,3.00967030583,100.0
1.799914,-0.508898126381,1.04924285891,-2.10308766019,1.43810698864,0.362786456335,1.79284004584,0.837937005382,95.9546890259,-1.52707787434,1.05461179167,1.48757786905,1.76983033402,2.15025756942,-1.56312642286,3.01005380103,100.0
1.809881,-0.508514631184,1.04885936372,-2.10270416499,1.43887397904,0.362402961138,1.79245655064,0.837937005382,95.9546890259,-1.52784486473,1.05461179167,1.48681087866,1.76944683883,2.15102455981,-1.56312642286,3.01005380103,100.0
1.819918,-0.508898126381,1.04885936372,-2.10270416499,1.43925747423,0.362019465941,1.79322354104,0.837937005382,95.9546890259,-1.52899535032,1.05422829647,1.48642738346,1.77021382922,2.15064106462,-1.56274292766,3.00928681063,100.0
1.829889,-0.508898126381,1.04962635411,-2.10270416499,1.43925747423,0.362019465941,1.79284004584,0.837553510185,95.9546890259,-1.52861185513,1.05499528687,1.48681087866,1.76944683883,2.15102455981,-1.56389341325,3.00928681063,100.0
1.839918,-0.509281621578,1.05000984931,-2.10308766019,1.43887397904,0.362019465941,1.79245655064,0.837937005382,95.9546890259,-1.52707787434,1.05499528687,1.48642738346,1.76944683883,2.15102455981,-1.56274292766,3.00928681063,100.0
1.849877,-0.509281621578,1.04962635411,-2.10347115539,1.43925747423,0.362019465941,1.79360703624,0.837937005382,95.9546890259,-1.52784486473,1.05499528687,1.48604388826,1.76944683883,2.15025756942,-1.56274292766,3.00928681063,100.0
1.859880,-0.508898126381,1.04924285891,-2.1023206698,1.43925747423,0.362402961138,1.79207305545,0.838320500579,95.9546890259,-1.52822835993,1.05461179167,1.48642738346,1.76944683883,2.15140805501,-1.56312642286,3.01005380103,100.0
1.869920,-0.508898126381,1.04924285891,-2.1023206698,1.43925747423,0.362402961138,1.79245655064,0.838320500579,95.9546890259,-1.52707787434,1.05499528687,1.48681087866,1.76983033402,2.15064106462,-1.56312642286,3.01005380103,100.0
1.879969,-0.508898126381,1.04962635411,-2.10347115539,1.43925747423,0.362019465941,1.79245655064,0.838703995776,95.9546890259,-1.52822835993,1.05461179167,1.48642738346,1.77021382922,2.15025756942,-1.56235943246,3.00967030583,100.0
1.889881,-0.509281621578,1.04962635411,-2.10270416499,1.43925747423,0.362402961138,1.79322354104,0.838320500579,95.9546890259,-1.52592738875,1.05461179167,1.48681087866,1.77021382922,2.15064106462,-1.56312642286,3.00928681063,100.0
1.899921,-0.508898126381,1.04962635411,-2.10347115539,1.43925747423,0.362402961138,1.79284004584,0.838703995776,95.9546890259,-1.52784486473,1.05537878207,1.48757786905,1.76944683883,2.15025756942,-1.56350991805,3.01005380103,100.0
1.909876,-0.508898126381,1.04962635411,-2.1023206698,1.43887397904,0.362786456335,1.79284004584,0.839087490973,95.9546890259,-1.52746136954,1.05537878207,1.48681087866,1.77021382922,2.15102455981,-1.56389341325,3.01005380103,100.0
1.919879,-0.508898126381,1.04885936372,-2.10270416499,1.43925747423,0.362402961138,1.79245655064,0.837937005382,95.9546890259,-1.52669437914,1.05499528687,1.48642738346,1.76983033402,2.15064106462,-1.56274292766,3.01005380103,100.0
1.929948,-0.509281621578,1.04924285891,-2.10347115539,1.43887397904,0.362402961138,1.79284004584,0.838320500579,95.9546890259,-1.52746136954,1.05422829647,1.48681087866,1.76983033402,2.15140805501,-1.56312642286,3.01043729623,100.0
1.939906,-0.509281621578,1.04962635411,-2.10308766019,1.43887397904,0.362019465941,1.79207305545,0.837937005382,95.9546890259,-1.52784486473,1.05422829647,1.48719437385,1.76906334363,2.15102455981,-1.56389341325,3.01005380103,100.0
1.949885,-0.509665116775,1.04924285891,-2.10270416499,1.43925747423,0.362019465941,1.79322354104,0.838320500579,95.9546890259,-1.52707787434,1.05499528687,1.48642738346,1.76983033402,2.15025756942,-1.56350991805,3.01082079142,100.0
1.959970,-0.508131135987,1.04962635411,-2.10308766019,1.44002446463,0.362019465941,1.79284004584,0.837937005382,95.9546890259,-1.52707787434,1.05499528687,1.48642738346,1.77021382922,2.15025756942,-1.56350991805,3.01005380103,100.0
1.970252,-0.508898126381,1.05000984931,-2.1019371746,1.43925747423,0.362402961138,1.79284004584,0.837937005382,95.9546890259,-1.52707787434,1.05499528687,1.48642738346,1.76944683883,2.15025756942,-1.56312642286,3.01005380103,100.0
1.979934,-0.508898126381,1.04962635411,-2.10308766019,1.43887397904,0.362402961138,1.79322354104,0.837937005382,95.9546890259,-1.52707787434,1.05384480128,1.48681087866,1.76983033402,2.15102455981,-1.56312642286,3.00928681063,100.0
1.989910,-0.508898126381,1.04924285891,-2.10308766019,1.43925747423,0.362019465941,1.79284004584,0.837937005382,95.9546890259,-1.52746136954,1.05537878207,1.48642738346,1.77021382922,2.15102455981,-1.56312642286,3.00967030583,100.0
1.999975,-0.509281621578,1.04924285891,-2.10308766019,1.43925747423,0.362786456335,1.79284004584,0.837937005382,95.9546890259,-1.52822835993,1.05499528687,1.48681087866,1.76906334363,2.15102455981,-1.56274292766,3.01005380103,100.0
2.009881,-0.508514631184,1.05000984931,-2.10308766019,1.43964096943,0.362019465941,1.79207305545,0.838703995776,95.9546890259,-1.52669437914,1.05461179167,1.48642738346,1.76944683883,2.14987407422,-1.56312642286,3.00967030583,100.0
2.019914,-0.508131135987,1.04962635411,-2.10308766019,1.43925747423,0.362402961138,1.79399053143,0.837553510185,95.9546890259,-1.52707787434,1.05499528687,1.48681087866,1.76983033402,2.15140805501,-1.56312642286,3.01005380103,100.0
2.029919,-0.508898126381,1.04924285891,-2.10270416499,1.43887397904,0.361635970744,1.79284004584,0.838320500579,95.9546890259,-1.52746136954,1.05499528687,1.48681087866,1.76906334363,2.15102455981,-1.56312642286,3.00928681063,100.0
2.039910,-0.508514631184,1.04924285891,-2.10308766019,1.43887397904,0.362786456335,1.79245655064,0.838703995776,95.9546890259,-1.52822835993,1.05499528687,1.48681087866,1.77021382922,2.15064106462,-1.56350991805,3.00928681063,100.0
2.049880,-0.508898126381,1.05000984931,-2.10270416499,1.43887397904,0.362019465941,1.79245655064,0.838320500579,95.9546890259,-1.52784486473,1.05614577246,1.48681087866,1.76983033402,2.15102455981,-1.56274292766,3.01005380103,100.0
2.059910,-0.508898126381,1.04924285891,-2.10308766019,1.43925747423,0.362019465941,1.79284004584,0.837937005382,95.9546890259,-1.52669437914,1.05499528687,1.48719437385,1.76983033402,2.15102455981,-1.56274292766,3.00967030583,100.0
2.069879,-0.508514631184,1.05000984931,-2.10308766019,1.43810698864,0.362019465941,1.79284004584,0.837937005382,95.9546890259,-1.52669437914,1.05461179167,1.48719437385,1.77021382922,2.15064106462,-1.56312642286,3.00928681063,100.0
2.080143,-0.508898126381,1.04885936372,-2.10270416499,1.43925747423,0.362402961138,1.79284004584,0.837553510185,95.9546890259,-1.52669437914,1.05499528687,1.48681087866,1.76983033402,2.15102455981,-1.56350991805,3.01005380103,100.0
2.089912,-0.508898126381,1.04962635411,-2.10308766019,1.43887397904,0.362786456335,1.79284004584,0.837937005382,95.9546890259,-1.52746136954,1.05461179167,1.48642738346,1.77021382922,2.15064106462,-1.56274292766,3.01005380103,100.0
2.099969,-0.508898126381,1.04924285891,-2.10308766019,1.43925747423,0.362019465941,1.79245655064,0.838320500579,95.9546890259,-1.52822835993,1.05499528687,1.48681087866,1.76983033402,2.15064106462,-1.56312642286,3.00967030583,100.0
2.109909,-0.509281621578,1.05000984931,-2.10347115539,1.43925747423,0.362019465941,1.79207305545,0.838703995776,95.9546890259,-1.52631088395,1.05461179167,1.48681087866,1.76983033402,2.15064106462,-1.56274292766,3.00928681063,100.0
2.119910,-0.509281621578,1.05000984931,-2.10270416499,1.43925747423,0.362402961138,1.79245655064,0.837937005382,95.9546890259,-1.52861185513,1.05537878207,1.48681087866,1.76983033402,2.15064106462,-1.56312642286,3.00967030583,100.0
2.129908,-0.508898126381,1.04924285891,-2.10308766019,1.43964096943,0.362402961138,1.79322354104,0.837937005382,95.9546890259,-1.52746136954,1.05422829647,1.48681087866,1.76983033402,2.15102455981,-1.56312642286,3.00967030583,100.0
2.139904,-0.508898126381,1.04924285891,-2.10308766019,1.44002446463,0.362402961138,1.79207305545,0.837937005382,95.9546890259,-1.52822835993,1.05422829647,1.48681087866,1.76944683883,2.15025756942,-1.56274292766,3.01005380103,100.0
2.149876,-0.509281621578,1.04962635411,-2.10308766019,1.43925747423,0.362402961138,1.79207305545,0.838320500579,95.9546890259,-1.52669437914,1.05461179167,1.48681087866,1.76906334363,2.15025756942,-1.56235943246,3.01005380103,100.0
2.160157,-0.508898126381,1.04962635411,-2.10308766019,1.43887397904,0.362019465941,1.79284004584,0.838320500579,95.9546890259,-1.52746136954,1.05499528687,1.48681087866,1.76944683883,2.15102455981,-1.56235943246,3.01005380103,100.0
2.169912,-0.509665116775,1.04962635411,-2.10308766019,1.43887397904,0.362402961138,1.79284004584,0.837937005382,95.9546890259,-1.52784486473,1.05461179167,1.48604388826,1.76983033402,2.15064106462,-1.56312642286,3.00967030583,100.0
2.179908,-0.508898126381,1.04924285891,-2.10308766019,1.43849048384,0.362019465941,1.79360703624,0.837553510185,95.9546890259,-1.52784486473,1.05499528687,1.48719437385,1.76983033402,2.15025756942,-1.56350991805,3.00928681063,100.0
2.189890,-0.509281621578,1.04924285891,-2.10270416499,1.43849048384,0.362019465941,1.79322354104,0.838320500579,95.9546890259,-1.52707787434,1.05422829647,1.48681087866,1.77059732442,2.15140805501,-1.56312642286,3.00967030583,100.0
2.199896,-0.508514631184,1.04924285891,-2.10308766019,1.43925747423,0.362019465941,1.79322354104,0.837553510185,95.9546890259,-1.52669437914,1.05499528687,1.48719437385,1.76944683883,2.15064106462,-1.56235943246,3.01005380103,100.0
2.209894,-0.508898126381,1.04924285891,-2.10270416499,1.43925747423,0.362402961138,1.79245655064,0.837937005382,95.9546890259,-1.52707787434,1.05461179167,1.48681087866,1.76906334363,2.15064106462,-1.56312642286,3.01005380103,100.0
2.219927,-0.509281621578,1.04962635411,-2.10270416499,1.43925747423,0.362402961138,1.79207305545,0.838703995776,95.9546890259,-1.52784486473,1.05461179167,1.48719437385,1.76983033402,2.15140805501,-1.56312642286,3.00967030583,100.0
2.229890,-0.508514631184,1.04962635411,-2.10308766019,1.43925747423,0.363169951532,1.79245655064,0.838703995776,95.9546890259,-1.52746136954,1.05461179167,1.48719437385,1.76983033402,2.14987407422,-1.56274292766,3.01043729623,100.0
2.239985,-0.508898126381,1.04962635411,-2.10308766019,1.43925747423,0.362019465941,1.79207305545,0.837937005382,95.9546890259,-1.52784486473,1.05461179167,1.48642738346,1.76983033402,2.15064106462,-1.56235943246,3.01043729623,100.0
2.249883,-0.509281621578,1.04924285891,-2.10308766019,1.43849048384,0.362019465941,1.79207305545,0.837553510185,95.9546890259,-1.52707787434,1.05461179167,1.48719437385,1.76944683883,2.15102455981,-1.56274292766,3.01043729623,100.0
2.259926,-0.508898126381,1.04962635411,-2.10270416499,1.43887397904,0.362019465941,1.79245655064,0.837553510185,95.9546890259,-1.52707787434,1.05461179167,1.48719437385,1.76983033402,2.15102455981,-1.56350991805,3.00967030583,100.0
2.269909,-0.508131135987,1.04962635411,-2.10308766019,1.43925747423,0.362402961138,1.79207305545,0.838320500579,95.9546890259,-1.52669437914,1.05461179167,1.48681087866,1.76867984843,2.15064106462,-1.56350991805,3.00928681063,100.0
2.279929,-0.508514631184,1.04924285891,-2.10270416499,1.43964096943,0.362786456335,1.79284004584,0.837937005382,95.9546890259,-1.52861185513,1.05422829647,1.48681087866,1.76983033402,2.15064106462,-1.56235943246,3.01043729623,100.0
2.289886,-0.508514631184,1.04962635411,-2.10270416499,1.43925747423,0.362402961138,1.79322354104,0.838320500579,95.9546890259,-1.52784486473,1.05499528687,1.48681087866,1.76944683883,2.15025756942,-1.56350991805,3.00967030583,100.0
2.299913,-0.508898126381,1.04885936372,-2.10385465058,1.43887397904,0.361635970744,1.79245655064,0.838320500579,95.9546890259,-1.52784486473,1.05537878207,1.48681087866,1.76944683883,2.15064106462,-1.56274292766,3.00967030583,100.0
2.309979,-0.508898126381,1.04962635411,-2.10347115539,1.43849048384,0.362402961138,1.79284004584,0.839087490973,95.9546890259,-1.52784486473,1.05499528687,1.48642738346,1.76983033402,2.15064106462,-1.56312642286,3.01043729623,100.0
2.319925,-0.509281621578,1.04924285891,-2.10270416499,1.43925747423,0.362786456335,1.79322354104,0.838320500579,95.9546890259,-1.52861185513,1.05537878207,1.48642738346,1.76944683883,2.15102455981,-1.56312642286,3.00967030583,100.0
2.329879,-0.508131135987,1.04924285891,-2.10270416499,1.44002446463,0.362402961138,1.79284004584,0.838320500579,95.9546890259,-1.52784486473,1.05461179167,1.48642738346,1.76944683883,2.15140805501,-1.56274292766,3.01005380103,100.0
2.339973,-0.508898126381,1.04962635411,-2.10270416499,1.43925747423,0.361635970744,1.79284004584,0.837553510185,95.9546890259,-1.52937884552,1.05461179167,1.48642738346,1.76944683883,2.15064106462,-1.56350991805,3.01005380103,100.0
2.349896,-0.508898126381,1.04885936372,-2.10308766019,1.43849048384,0.362402961138,1.79284004584,0.838703995776,95.9546890259,-1.52669437914,1.05537878207,1.48757786905,1.76906334363,2.15102455981,-1.56197593726,3.00928681063,100.0
2.359946,-0.508514631184,1.04924285891,-2.10308766019,1.43849048384,0.362402961138,1.79322354104,0.837937005382,95.9546890259,-1.52861185513,1.05499528687,1.48681087866,1.76983033402,2.15025756942,-1.56389341325,3.01005380103,100.0
2.369901,-0.508514631184,1.04924285891,-2.10270416499,1.43925747423,0.362402961138,1.79207305545,0.839087490973,95.9546890259,-1.52784486473,1.05384480128,1.48719437385,1.77021382922,2.15102455981,-1.56389341325,3.00967030583,100.0
2.379935,-0.508131135987,1.04885936372,-2.10270416499,1.43925747423,0.362402961138,1.79322354104,0.837937005382,95.9546890259,-1.52631088395,1.05499528687,1.48604388826,1.76944683883,2.15025756942,-1.56274292766,3.00928681063,100.0
2.389943,-0.508898126381,1.04847586852,-2.10347115539,1.43887397904,0.362019465941,1.79284004584,0.837553510185,95.9546890259,-1.52784486473,1.05499528687,1.48642738346,1.77021382922,2.15064106462,-1.56274292766,3.00967030583,100.0
2.399936,-0.509281621578,1.04885936372,-2.10308766019,1.43887397904,0.362402961138,1.79322354104,0.837937005382,95.9546890259,-1.52707787434,1.05461179167,1.48719437385,1.76944683883,2.15025756942,-1.56312642286,3.00967030583,100.0
2.409901,-0.508514631184,1.04962635411,-2.10308766019,1.43925747423,0.362019465941,1.79245655064,0.837553510185,95.9546890259,-1.52707787434,1.05384480128,1.48681087866,1.76944683883,2.15025756942,-1.56350991805,3.00967030583,100.0
2.419991,-0.508514631184,1.04885936372,-2.10270416499,1.43925747423,0.362019465941,1.79245655064,0.837937005382,95.9546890259,-1.52516039836,1.05422829647,1.48681087866,1.76944683883,2.15025756942,-1.56274292766,3.00967030583,100.0
2.429895,-0.509281621578,1.05000984931,-2.10270416499,1.43964096943,0.362019465941,1.79284004584,0.837937005382,95.9546890259,-1.52592738875,1.05576227726,1.48719437385,1.77021382922,2.15064106462,-1.56274292766,3.00967030583,100.0
2.439886,-0.508514631184,1.04924285891,-2.10270416499,1.43925747423,0.362402961138,1.79207305545,0.837937005382,95.9546890259,-1.52861185513,1.05422829647,1.48719437385,1.77021382922,2.15102455981,-1.56274292766,3.01043729623,100.0
2.449887,-0.509281621578,1.04924285891,-2.10270416499,1.43925747423,0.362786456335,1.79284004584,0.838320500579,95.9546890259,-1.52861185513,1.05461179167,1.48681087866,1.76944683883,2.15064106462,-1.56274292766,3.01082079142,100.0
2.459886,-0.509281621578,1.04962635411,-2.10270416499,1.43887397904,0.362402961138,1.79284004584,0.837937005382,95.9546890259,-1.52746136954,1.05461179167,1.48681087866,1.77059732442,2.15064106462,-1.56274292766,3.00967030583,100.0
2.470022,-0.508898126381,1.04885936372,-2.10308766019,1.43887397904,0.362019465941,1.79322354104,0.837937005382,95.9546890259,-1.52707787434,1.05499528687,1.48681087866,1.76983033402,2.15102455981,-1.56274292766,3.00967030583,100.0
2.479888,-0.509281621578,1.04962635411,-2.10347115539,1.43849048384,0.362402961138,1.79360703624,0.837553510185,95.9546890259,-1.52746136954,1.05537878207,1.48642738346,1.76983033402,2.15064106462,-1.56350991805,3.00928681063,100.0
2.489982,-0.508898126381,1.04924285891,-2.10347115539,1.43887397904,0.362786456335,1.79207305545,0.838320500579,95.9546890259,-1.52707787434,1.05499528687,1.48642738346,1.76944683883,2.15140805501,-1.56350991805,3.00928681063,100.0
2.499925,-0.509281621578,1.04924285891,-2.10308766019,1.43887397904,0.362402961138,1.79322354104,0.837553510185,95.9546890259,-1.52746136954,1.05499528687,1.48719437385,1.76983033402,2.15025756942,-1.56312642286,3.00967030583,100.0
2.509921,-0.508514631184,1.05000984931,-2.10270416499,1.43849048384,0.362402961138,1.79322354104,0.838320500579,95.9546890259,-1.52707787434,1.05422829647,1.48642738346,1.77021382922,2.15102455981,-1.56350991805,3.01043729623,100.0
2.519920,-0.508898126381,1.04962635411,-2.10270416499,1.43964096943,0.362402961138,1.79207305545,0.838703995776,95.9546890259,-1.52746136954,1.05422829647,1.48681087866,1.76944683883,2.15102455981,-1.56274292766,3.00967030583,100.0
2.529881,-0.508898126381,1.04885936372,-2.10308766019,1.43887397904,0.362019465941,1.79284004584,0.838320500579,95.9546890259,-1.52592738875,1.05461179167,1.48719437385,1.76944683883,2.15064106462,-1.56350991805,3.00967030583,100.0
2.539975,-0.508898126381,1.05000984931,-2.10270416499,1.43887397904,0.362402961138,1.79322354104,0.839087490973,95.9546890259,-1.52669437914,1.05422829647,1.48719437385,1.77021382922,2.15102455981,-1.56274292766,3.01043729623,100.0
2.549975,-0.508898126381,1.04885936372,-2.1023206698,1.43810698864,0.362019465941,1.79322354104,0.837937005382,95.9546890259,-1.52631088395,1.05422829647,1.48642738346,1.77021382922,2.15025756942,-1.56235943246,3.00967030583,100.0
2.559912,-0.509281621578,1.05000984931,-2.10308766019,1.43964096943,0.362402961138,1.79284004584,0.838703995776,95.9546890259,-1.52861185513,1.05537878207,1.48642738346,1.76983033402,2.15064106462,-1.56312642286,3.00967030583,100.0
2.570090,-0.508898126381,1.05000984931,-2.1023206698,1.43925747423,0.362402961138,1.79322354104,0.838703995776,95.9546890259,-1.52746136954,1.05422829647,1.48719437385,1.77021382922,2.15064106462,-1.56350991805,3.00928681063,100.0
2.579909,-0.508898126381,1.04962635411,-2.10308766019,1.43887397904,0.362019465941,1.79245655064,0.838320500579,95.9546890259,-1.52669437914,1.05422829647,1.48681087866,1.77021382922,2.15102455981,-1.56312642286,3.01005380103,100.0
2.589877,-0.508514631184,1.04885936372,-2.10270416499,1.43849048384,0.362019465941,1.79284004584,0.838703995776,95.9546890259,-1.52669437914,1.05461179167,1.48642738346,1.76906334363,2.15102455981,-1.56312642286,3.01005380103,100.0
2.599889,-0.508131135987,1.04924285891,-2.10270416499,1.43964096943,0.362402961138,1.79322354104,0.838320500579,95.9546890259,-1.52631088395,1.05499528687,1.48642738346,1.76983033402,2.15102455981,-1.56312642286,3.00967030583,100.0
2.609915,-0.508514631184,1.04924285891,-2.10270416499,1.43925747423,0.362402961138,1.79284004584,0.838320500579,95.9546890259,-1.52746136954,1.05499528687,1.48681087866,1.76983033402,2.15102455981,-1.56235943246,3.01043729623,100.0
2.619883,-0.508514631184,1.05000984931,-2.10270416499,1.43887397904,0.362019465941,1.79284004584,0.837170014988,95.9546890259,-1.52707787434,1.05461179167,1.48681087866,1.76944683883,2.15102455981,-1.56312642286,3.01043729623,100.0
2.629881,-0.508898126381,1.04885936372,-2.10347115539,1.43887397904,0.362019465941,1.79207305545,0.838320500579,95.9546890259,-1.52784486473,1.05384480128,1.48719437385,1.77021382922,2.15064106462,-1.56389341325,3.01043729623,100.0
2.639970,-0.508131135987,1.04885936372,-2.10270416499,1.43964096943,0.362019465941,1.79245655064,0.838320500579,95.9546890259,-1.52669437914,1.05461179167,1.48642738346,1.76944683883,2.15102455981,-1.56235943246,3.00967030583,100.0
2.649884,-0.508898126381,1.04847586852,-2.10270416499,1.43887397904,0.362019465941,1.79284004584,0.837937005382,95.9546890259,-1.52669437914,1.05461179167,1.48681087866,1.76944683883,2.15064106462,-1.56312642286,3.00928681063,100.0
2.659972,-0.508898126381,1.04962635411,-2.10308766019,1.43849048384,0.362402961138,1.79284004584,0.838320500579,95.9546890259,-1.52899535032,1.05461179167,1.48719437385,1.76906334363,2.15102455981,-1.56274292766,3.00967030583,100.0
2.669883,-0.508898126381,1.04924285891,-2.1023206698,1.43849048384,0.363169951532,1.79245655064,0.839087490973,95.9546890259,-1.52746136954,1.05537878207,1.48681087866,1.76944683883,2.15102455981,-1.56312642286,3.00967030583,100.0
2.679917,-0.508514631184,1.04962635411,-2.10308766019,1.43887397904,0.361635970744,1.79245655064,0.837937005382,95.9546890259,-1.52707787434,1.05384480128,1.48604388826,1.76983033402,2.15102455981,-1.56235943246,3.00967030583,100.0
2.689879,-0.509281621578,1.04962635411,-2.1023206698,1.43887397904,0.362402961138,1.79284004584,0.837937005382,95.9546890259,-1.52784486473,1.05422829647,1.48719437385,1.76944683883,2.15102455981,-1.56312642286,3.00967030583,100.0
2.699917,-0.508131135987,1.05000984931,-2.10270416499,1.43925747423,0.362402961138,1.79245655064,0.837937005382,95.9546890259,-1.52822835993,1.05422829647,1.48681087866,1.77021382922,2.15102455981,-1.56350991805,3.00890331544,100.0
2.709881,-0.508131135987,1.04885936372,-2.10347115539,1.43887397904,0.362019465941,1.79360703624,0.838320500579,95.9546890259,-1.52899535032,1.05461179167,1.48681087866,1.76983033402,2.15102455981,-1.56235943246,3.00928681063,100.0
2.719880,-0.508514631184,1.04924285891,-2.1023206698,1.43849048384,0.362402961138,1.79322354104,0.838320500579,95.9546890259,-1.52784486473,1.05422829647,1.48719437385,1.76983033402,2.15025756942,-1.56312642286,3.00967030583,100.0
2.729907,-0.508898126381,1.04924285891,-2.10270416499,1.43925747423,0.362019465941,1.79360703624,0.837937005382,95.9546890259,-1.52631088395,1.05461179167,1.48681087866,1.76983033402,2.15064106462,-1.56312642286,3.00928681063,100.0
2.739969,-0.509665116775,1.04962635411,-2.10308766019,1.43964096943,0.361635970744,1.79322354104,0.837937005382,95.9546890259,-1.52822835993,1.05461179167,1.48642738346,1.76983033402,2.15140805501,-1.56274292766,3.00967030583,100.0
